/Library/Frameworks/Python.framework/Versions/3.6/bin/python3.6 /Users/arunkumar.jadhav/Work/aind/AIND-Isolation/sample_players.py
Begin Game Iteration:  0
[[2, 2], [3, 0], [4, 3], [4, 2], [6, 4], [6, 1], [5, 2], [5, 3], [3, 3], [3, 4], [2, 5], [1, 3], [4, 4], [0, 1], [3, 2], [2, 0], [1, 1], [1, 2], [0, 3], [0, 4], [2, 4], [2, 3], [3, 6], [3, 5], [1, 5], [5, 4]]
Arun lost due to:  illegal move
End Game Iteration:  0
Begin Game Iteration:  1
[[2, 2], [3, 0], [3, 4], [5, 1], [1, 3], [3, 2], [2, 5], [4, 4], [0, 4], [5, 2], [2, 3], [3, 1], [0, 2], [4, 3], [2, 1], [5, 5], [3, 3], [3, 6], [4, 1], [1, 5], [5, 3], [0, 3], [4, 5], [1, 1], [2, 4]]
Benchmark lost due to:  illegal move
End Game Iteration:  1
Begin Game Iteration:  2
[[2, 2], [3, 0], [4, 3], [4, 2], [2, 4], [3, 4], [3, 2], [1, 3], [4, 0], [0, 1], [5, 2], [2, 0], [3, 1], [1, 2], [2, 3], [3, 3], [3, 5], [4, 1], [1, 6], [6, 2], [0, 4], [5, 4], [2, 5], [4, 6], [0, 6], [6, 5], [1, 4], [5, 3], [2, 6], [4, 5], [0, 5], [6, 6]]
Arun lost due to:  illegal move
End Game Iteration:  2
Begin Game Iteration:  3
[[2, 2], [3, 0], [4, 3], [4, 2], [5, 1], [2, 3], [3, 2], [0, 2], [4, 0], [1, 4], [5, 2], [3, 3], [6, 4], [4, 1], [5, 6], [2, 0], [4, 4], [0, 1], [6, 5], [1, 3], [5, 3], [2, 5], [6, 1], [0, 6]]
Arun lost due to:  illegal move
End Game Iteration:  3
Begin Game Iteration:  4
[[2, 2], [3, 0], [4, 3], [5, 1], [6, 2], [6, 3], [5, 0], [4, 2], [3, 1], [5, 4], [2, 3], [4, 6], [0, 4], [2, 5], [1, 2], [3, 3], [2, 0], [2, 1], [4, 1], [1, 3], [5, 3], [3, 2], [6, 1], [4, 4], [4, 0], [5, 6], [5, 2], [3, 5], [6, 4], [1, 4], [4, 5], [2, 6], [2, 4], [3, 4], [3, 6], [1, 5], [5, 5], [0, 3]]
Arun lost due to:  illegal move
End Game Iteration:  4
Begin Game Iteration:  5
[[2, 2], [3, 0], [4, 3], [4, 2], [2, 4], [3, 4], [3, 2], [1, 3], [4, 0], [0, 5], [5, 2], [2, 6], [3, 1], [1, 4], [2, 3], [0, 6], [3, 5], [2, 5], [5, 6], [3, 3], [6, 4], [4, 1], [4, 5], [5, 3], [6, 6], [6, 5], [5, 4], [4, 4], [4, 6], [6, 3]]
Arun lost due to:  illegal move
End Game Iteration:  5
Begin Game Iteration:  6
[[2, 2]]
Benchmark lost due to:  timeout
End Game Iteration:  6
Begin Game Iteration:  7
[[2, 1], [1, 0], [4, 2], [2, 2], [3, 4], [0, 1], [1, 5], [1, 3], [2, 3], [3, 2], [3, 1], [5, 3], [1, 2], [4, 5], [3, 3], [2, 4], [1, 4], [0, 5], [0, 6], [2, 6], [2, 5]]
Benchmark lost due to:  illegal move
End Game Iteration:  7
Begin Game Iteration:  8
[[2, 2], [3, 0], [4, 3], [5, 1], [6, 2], [3, 2], [5, 0], [1, 3], [3, 1], [2, 5], [2, 3], [4, 4], [0, 4], [5, 2], [1, 2], [3, 3], [0, 0], [5, 4], [2, 1], [3, 5], [4, 0], [1, 4], [6, 1], [2, 6], [4, 2], [0, 5], [6, 3], [2, 4], [5, 5], [4, 5], [3, 6], [5, 3], [1, 5], [3, 4], [0, 3], [4, 6], [1, 1], [6, 5]]
Arun lost due to:  illegal move
End Game Iteration:  8
Begin Game Iteration:  9
[[2, 2], [3, 0], [3, 4], [4, 2], [5, 3], [2, 1], [3, 2], [0, 2], [2, 4], [1, 0], [1, 2], [3, 1], [0, 4], [5, 0], [2, 5], [6, 2], [4, 4], [4, 3], [3, 6], [3, 5], [1, 5], [5, 6], [2, 3], [6, 4], [1, 1], [4, 5], [0, 3], [6, 6]]
Arun lost due to:  illegal move
End Game Iteration:  9
Begin Game Iteration:  10
[[2, 2], [3, 0], [4, 3], [1, 1], [3, 1], [2, 3], [5, 2], [4, 2], [4, 0], [3, 4], [2, 1], [5, 3], [0, 0], [4, 5], [1, 2], [3, 3], [2, 0], [2, 5], [4, 1], [1, 3], [6, 2], [0, 5], [5, 0], [2, 4]]
Arun lost due to:  illegal move
End Game Iteration:  10
Begin Game Iteration:  11
[[2, 2], [3, 0], [3, 4], [5, 1], [4, 2], [3, 2], [2, 3], [4, 4], [3, 1], [5, 2], [1, 2], [6, 0], [2, 4], [4, 1], [1, 6], [5, 3], [0, 4], [6, 5], [2, 5], [4, 6], [3, 3], [5, 4], [4, 5], [3, 5], [6, 4], [1, 4], [4, 3], [2, 6], [6, 2], [0, 5], [5, 0], [1, 3]]
Arun lost due to:  illegal move
End Game Iteration:  11
Begin Game Iteration:  12
[[2, 2], [3, 0], [4, 3], [4, 2], [5, 1], [3, 4], [3, 2], [5, 5], [2, 0], [6, 3], [1, 2], [4, 4], [2, 4], [2, 5], [1, 6], [1, 3], [0, 4], [2, 1], [2, 3], [3, 3], [0, 2], [4, 5], [1, 4], [6, 6], [0, 6], [5, 4]]
Arun lost due to:  illegal move
End Game Iteration:  12
Begin Game Iteration:  13
[[2, 2], [3, 0], [4, 3], [1, 1], [6, 4], [2, 3], [5, 2], [4, 2], [3, 1], [6, 1], [1, 2], [4, 0], [0, 4], [2, 1], [2, 5], [1, 3], [0, 6], [3, 4], [1, 4], [5, 3], [0, 2], [4, 5], [1, 0], [2, 6]]
Arun lost due to:  illegal move
End Game Iteration:  13
Begin Game Iteration:  14
[[2, 2], [3, 0], [4, 3], [1, 1], [3, 1], [3, 2], [1, 0], [5, 3], [0, 2], [6, 5], [2, 3], [4, 6], [3, 5], [2, 5], [5, 6], [3, 3], [4, 4], [5, 2], [6, 3], [6, 0], [4, 2], [4, 1], [3, 4], [2, 0], [2, 6], [1, 2], [4, 5], [2, 4], [6, 6], [0, 5], [5, 4], [1, 3], [6, 2], [2, 1], [5, 0], [4, 0]]
Arun lost due to:  illegal move
End Game Iteration:  14
Begin Game Iteration:  15
[[2, 2], [3, 0], [4, 3], [1, 1], [3, 1], [3, 2], [1, 0], [5, 3], [0, 2], [6, 5], [2, 1], [4, 6], [4, 2], [5, 4], [6, 3], [6, 2], [5, 5], [4, 1], [3, 6], [6, 0], [2, 4], [5, 2], [1, 6], [4, 4], [3, 5], [2, 5], [2, 3], [0, 6], [1, 5], [1, 4], [3, 4], [2, 6], [1, 3], [4, 5], [0, 1], [3, 3], [2, 0], [1, 2]]
Arun lost due to:  illegal move
End Game Iteration:  15
Begin Game Iteration:  16
[[2, 2], [3, 0], [3, 4], [4, 2], [2, 6], [2, 1], [4, 5], [0, 2], [6, 4], [2, 3], [5, 2], [1, 1], [3, 1], [0, 3], [1, 2], [2, 4], [2, 0], [4, 3], [0, 1], [6, 2], [1, 3], [5, 4], [3, 2], [4, 6], [4, 4], [2, 5], [6, 3], [0, 6], [5, 5], [1, 4], [3, 6], [3, 3], [1, 5], [4, 1]]
Arun lost due to:  illegal move
End Game Iteration:  16
Begin Game Iteration:  17
[[2, 2], [3, 0], [3, 4], [1, 1], [4, 2], [2, 3], [6, 1], [0, 2], [4, 0], [1, 4], [3, 2], [2, 6], [5, 1], [4, 5], [6, 3], [3, 3], [5, 5], [4, 1], [3, 6], [6, 2], [4, 4], [5, 0], [6, 5], [3, 1], [4, 6], [1, 2], [2, 5], [2, 4], [1, 3], [1, 6], [0, 5], [3, 5]]
Arun lost due to:  illegal move
End Game Iteration:  17
Begin Game Iteration:  18
[[2, 2], [3, 0], [3, 4], [1, 1], [4, 2], [3, 2], [2, 3], [1, 3], [3, 1], [2, 5], [1, 2], [3, 3], [2, 4], [4, 5], [3, 6], [6, 6], [1, 5], [5, 4], [0, 3], [4, 6]]
Arun lost due to:  illegal move
End Game Iteration:  18
Begin Game Iteration:  19
[[2, 2], [3, 0], [3, 4], [5, 1], [1, 3], [3, 2], [2, 5], [2, 0], [3, 3], [1, 2], [2, 1], [3, 1], [4, 2], [2, 3], [5, 0], [0, 2], [6, 2], [1, 4], [4, 3], [3, 5], [2, 4], [5, 6], [0, 3], [4, 4], [1, 5], [5, 2], [3, 6], [6, 0], [5, 5], [4, 1], [6, 3], [5, 3]]
Arun lost due to:  illegal move
End Game Iteration:  19
Begin Game Iteration:  20
[[2, 2], [3, 0], [3, 4], [5, 1], [4, 2], [3, 2], [2, 3], [4, 4], [0, 4], [3, 6], [1, 2], [5, 5], [3, 3], [4, 3], [4, 5], [3, 5], [6, 4], [1, 6], [5, 6], [2, 4]]
Arun lost due to:  illegal move
End Game Iteration:  20
Begin Game Iteration:  21
[[2, 2], [3, 0], [4, 3], [1, 1], [3, 1], [2, 3], [5, 2], [4, 2], [6, 4], [6, 3], [4, 5], [5, 1], [3, 3], [3, 2], [2, 5], [2, 4], [4, 6], [0, 5], [6, 5], [2, 6], [5, 3], [3, 4], [4, 1], [1, 3], [6, 2], [0, 1], [5, 4], [2, 0], [3, 5], [1, 2], [1, 6], [0, 4]]
Arun lost due to:  illegal move
End Game Iteration:  21
Begin Game Iteration:  22
[[2, 2], [3, 0], [3, 4], [4, 2], [2, 6], [2, 3], [0, 5], [3, 5], [1, 3], [1, 4], [2, 5], [3, 3], [4, 4], [5, 2], [6, 3], [3, 1], [5, 1], [1, 2], [3, 2], [2, 4], [5, 3], [4, 5], [6, 1], [6, 4], [4, 0], [4, 3], [2, 1], [6, 2], [0, 0], [4, 1]]
Arun lost due to:  illegal move
End Game Iteration:  22
Begin Game Iteration:  23
[[2, 2], [3, 0], [3, 4], [4, 2], [2, 6], [2, 1], [1, 4], [4, 0], [3, 5], [3, 2], [2, 3], [2, 0], [3, 1], [1, 2], [5, 2], [0, 4], [6, 4], [1, 6], [4, 5], [2, 4], [6, 6], [0, 3], [5, 4], [1, 5], [3, 3], [3, 6], [4, 1], [4, 4], [6, 2], [2, 5], [4, 3], [4, 6], [5, 1], [6, 5], [6, 3], [5, 3], [5, 5], [6, 1]]
Arun lost due to:  illegal move
End Game Iteration:  23
Begin Game Iteration:  24
[[2, 2], [3, 0], [4, 3], [4, 2], [6, 4], [2, 3], [5, 2], [0, 4], [4, 0], [1, 6], [3, 2], [2, 4], [1, 3], [1, 2], [2, 5], [2, 0], [3, 3], [4, 1], [5, 4], [5, 3], [4, 6], [4, 5], [6, 5], [2, 6], [4, 4], [0, 5], [3, 6]]
Benchmark lost due to:  illegal move
End Game Iteration:  24
Begin Game Iteration:  25
[[2, 2], [3, 0], [4, 3], [4, 2], [6, 4], [2, 1], [5, 2], [4, 0], [4, 4], [3, 2], [2, 3], [1, 1], [0, 4], [0, 3], [1, 2], [2, 4], [2, 0], [4, 5], [4, 1], [3, 3], [6, 0], [2, 5]]
Arun lost due to:  illegal move
End Game Iteration:  25
Begin Game Iteration:  26
[[2, 2], [3, 0], [3, 4], [4, 2], [2, 6], [2, 1], [1, 4], [3, 3], [0, 2], [5, 2], [2, 3], [4, 4], [3, 1], [3, 2], [4, 3], [5, 3], [2, 4], [4, 1], [1, 6], [6, 2], [0, 4], [5, 4], [2, 5], [3, 5], [1, 3], [5, 6], [0, 1], [6, 4], [2, 0], [4, 5], [1, 2], [6, 6], [0, 0]]
Benchmark lost due to:  illegal move
End Game Iteration:  26
Begin Game Iteration:  27
[[2, 2], [3, 0], [4, 3], [4, 2], [5, 1], [5, 0], [3, 2], [6, 2], [1, 1], [4, 1], [2, 3], [3, 3], [3, 1], [5, 4], [1, 2], [4, 6], [2, 4], [3, 4], [3, 6], [5, 3], [5, 5], [6, 1], [6, 3], [4, 0], [4, 4], [2, 1], [5, 2], [1, 3], [6, 0], [0, 1]]
Arun lost due to:  illegal move
End Game Iteration:  27
Begin Game Iteration:  28
[[2, 2], [3, 0], [4, 3], [1, 1], [6, 4], [3, 2], [5, 2], [1, 3], [4, 0], [2, 1], [6, 1], [4, 2], [5, 3], [2, 3], [4, 5], [0, 2], [3, 3], [1, 4], [2, 5], [3, 5], [4, 6], [5, 6], [3, 4], [4, 4], [2, 6], [3, 6], [0, 5], [2, 4]]
Arun lost due to:  illegal move
End Game Iteration:  28
Begin Game Iteration:  29
[[2, 2], [3, 0], [3, 4], [1, 1], [1, 5], [0, 3], [2, 3], [2, 4], [4, 4], [4, 5], [5, 2], [6, 6], [6, 0], [5, 4], [4, 1], [4, 2], [3, 3], [2, 1], [1, 4], [4, 0], [0, 2], [6, 1], [1, 0], [5, 3], [3, 1], [3, 2], [1, 2], [5, 1], [0, 4], [6, 3], [1, 6], [5, 5], [3, 5], [4, 3], [5, 6], [6, 4]]
Arun lost due to:  illegal move
End Game Iteration:  29
Begin Game Iteration:  30
[[2, 2], [3, 0], [3, 4], [4, 2], [2, 6], [2, 1], [0, 5], [4, 0], [1, 3], [3, 2], [2, 5], [4, 4], [0, 4], [2, 3], [1, 2], [3, 5], [3, 3], [1, 6], [4, 1], [2, 4], [5, 3], [4, 5], [6, 1], [6, 6]]
Arun lost due to:  illegal move
End Game Iteration:  30
Begin Game Iteration:  31
[[2, 2], [3, 0], [3, 4], [4, 2], [2, 6], [6, 3], [0, 5], [5, 1], [1, 3], [3, 2], [2, 1], [4, 4], [3, 3], [5, 2], [5, 4], [3, 1], [3, 5], [1, 2], [4, 3], [2, 4], [6, 2], [3, 6], [4, 1], [1, 5], [6, 0], [0, 3]]
Arun lost due to:  illegal move
End Game Iteration:  31
Begin Game Iteration:  32
[[2, 2], [3, 0], [3, 4], [4, 2], [2, 6], [2, 1], [0, 5], [3, 3], [1, 3], [2, 5], [3, 2], [4, 4], [2, 4], [5, 6], [4, 3], [6, 4], [3, 1], [4, 5], [1, 0], [6, 6], [0, 2], [5, 4], [2, 3], [4, 6], [1, 1], [6, 5], [0, 3], [5, 3], [1, 5], [4, 1], [3, 6], [6, 0], [5, 5], [5, 2], [6, 3], [4, 0], [5, 1], [6, 1]]
Arun lost due to:  illegal move
End Game Iteration:  32
Begin Game Iteration:  33
[[2, 2], [3, 0], [4, 3], [4, 2], [6, 4], [3, 4], [5, 2], [2, 6], [3, 3], [4, 5], [2, 5], [2, 4], [4, 4], [1, 2], [2, 3], [2, 0], [0, 2], [4, 1], [2, 1], [5, 3], [0, 0], [3, 2]]
Arun lost due to:  illegal move
End Game Iteration:  33
Begin Game Iteration:  34
[[2, 2], [3, 0], [4, 3], [5, 1], [3, 5], [6, 3], [5, 6], [4, 4], [6, 4], [3, 2], [4, 5], [1, 3], [3, 3], [2, 1], [1, 2], [4, 0], [2, 4], [5, 2], [0, 3], [3, 1], [1, 5], [2, 3], [3, 6], [0, 4], [5, 5], [2, 5], [3, 4], [4, 6], [5, 3], [5, 4], [4, 1], [6, 2], [2, 0], [5, 0], [0, 1], [4, 2]]
Arun lost due to:  illegal move
End Game Iteration:  34
Begin Game Iteration:  35
[[2, 2], [3, 0], [3, 4], [1, 1], [2, 6], [2, 3], [1, 4], [1, 5], [3, 5], [3, 6], [1, 6], [2, 4], [0, 4], [4, 3], [2, 5], [6, 4], [3, 3], [4, 5], [1, 2], [5, 3], [0, 0], [4, 1], [2, 1], [2, 0], [4, 2], [3, 2], [6, 3], [4, 4], [5, 5], [5, 6]]
Arun lost due to:  illegal move
End Game Iteration:  35
Begin Game Iteration:  36
[[2, 2], [3, 0], [3, 4], [4, 2], [2, 6], [2, 1], [4, 5], [4, 0], [2, 4], [5, 2], [1, 2], [3, 3], [0, 4], [2, 5], [2, 3], [4, 6], [1, 5], [5, 4], [3, 6], [6, 2], [5, 5], [5, 0], [4, 3], [3, 1], [5, 1], [1, 0], [6, 3], [0, 2], [4, 4], [1, 4], [6, 5], [3, 5], [5, 3], [1, 6], [4, 1]]
Benchmark lost due to:  illegal move
End Game Iteration:  36
Begin Game Iteration:  37
[[2, 2], [3, 0], [4, 3], [4, 2], [6, 4], [2, 3], [5, 2], [4, 4], [4, 0], [2, 5], [2, 1], [0, 4], [3, 3], [1, 2], [4, 5], [2, 0], [2, 6], [3, 2], [0, 5], [1, 3], [2, 4], [3, 4], [0, 3], [5, 3], [1, 1], [6, 5]]
Arun lost due to:  illegal move
End Game Iteration:  37
Begin Game Iteration:  38
[[2, 2], [3, 0], [4, 3], [4, 2], [2, 4], [3, 4], [3, 2], [4, 6], [4, 4], [2, 5], [5, 2], [0, 6], [3, 3], [1, 4], [2, 1], [0, 2], [4, 0], [2, 3], [6, 1], [3, 1], [5, 3], [5, 0], [4, 1], [6, 2], [2, 0], [5, 4], [1, 2], [3, 5], [0, 0], [1, 6]]
Arun lost due to:  illegal move
End Game Iteration:  38
Begin Game Iteration:  39
[[2, 2], [3, 0], [4, 3], [4, 2], [2, 4], [3, 4], [3, 2], [2, 6], [1, 3], [4, 5], [2, 5], [6, 4], [0, 4], [5, 6], [2, 3], [4, 4], [0, 2], [5, 2], [2, 1], [3, 3], [4, 0], [1, 4], [6, 1], [3, 5], [5, 3], [5, 4], [4, 1], [6, 2], [2, 0], [5, 0], [0, 1], [3, 1]]
Arun lost due to:  illegal move
End Game Iteration:  39
Begin Game Iteration:  40
[[2, 2], [3, 0], [3, 4], [4, 2], [2, 6], [2, 1], [4, 5], [4, 0], [5, 3], [5, 2], [4, 1], [3, 1], [3, 3], [4, 3], [2, 5], [5, 1], [4, 4], [3, 2], [6, 5], [2, 4], [4, 6], [3, 6], [5, 4], [1, 5], [6, 6], [0, 3]]
Arun lost due to:  illegal move
End Game Iteration:  40
Begin Game Iteration:  41
[[2, 2], [3, 0], [3, 4], [5, 1], [1, 3], [3, 2], [2, 5], [2, 4], [4, 6], [4, 5], [6, 5], [6, 6], [4, 4], [5, 4], [5, 2], [3, 5], [3, 1], [2, 3], [1, 2], [0, 2], [0, 4], [2, 1], [1, 6], [3, 3]]
Arun lost due to:  illegal move
End Game Iteration:  41
Begin Game Iteration:  42
[[2, 2], [3, 0], [3, 4], [1, 1], [2, 6], [2, 3], [1, 4], [3, 1], [3, 5], [5, 2], [5, 6], [3, 3], [4, 4], [4, 1], [3, 6], [6, 2], [2, 4], [4, 3], [1, 2], [6, 4], [0, 0], [4, 5], [2, 1], [5, 3], [0, 2], [3, 2], [1, 0], [2, 0]]
Arun lost due to:  illegal move
End Game Iteration:  42
Begin Game Iteration:  43
[[2, 2], [3, 0], [3, 4], [5, 1], [4, 2], [4, 3], [2, 3], [6, 2], [0, 4], [5, 4], [2, 5], [3, 3], [4, 4], [1, 4], [3, 2], [0, 2], [2, 0], [1, 0], [1, 2], [3, 1], [2, 4], [5, 2], [4, 5], [4, 0], [6, 4], [2, 1], [5, 6], [1, 3], [3, 5], [0, 5], [1, 6], [2, 6]]
Arun lost due to:  illegal move
End Game Iteration:  43
Begin Game Iteration:  44
[[2, 2], [3, 0], [4, 3], [1, 1], [6, 4], [2, 3], [5, 2], [4, 2], [3, 1], [6, 1], [1, 2], [5, 3], [0, 0], [3, 4], [2, 1], [1, 3], [3, 3], [0, 5], [2, 5], [2, 6], [0, 6], [4, 5], [1, 4], [2, 4], [0, 2], [0, 3], [1, 0], [1, 5]]
Arun lost due to:  illegal move
End Game Iteration:  44
Begin Game Iteration:  45
[[2, 2], [3, 0], [4, 3], [1, 1], [3, 5], [2, 3], [5, 6], [3, 1], [6, 4], [1, 2], [4, 5], [3, 3], [5, 3], [5, 4], [3, 2], [4, 6], [2, 4], [3, 4], [0, 5], [1, 3], [2, 6], [0, 1], [1, 4], [2, 0], [0, 6], [4, 1], [2, 5], [6, 0], [4, 4], [5, 2], [6, 3], [4, 0], [4, 2], [2, 1], [6, 1], [0, 0]]
Arun lost due to:  illegal move
End Game Iteration:  45
Begin Game Iteration:  46
[[2, 2], [3, 0], [4, 3], [4, 2], [6, 4], [5, 0], [4, 5], [3, 1], [3, 3], [1, 2], [5, 2], [0, 4], [4, 4], [2, 5], [3, 6], [4, 6], [1, 5], [3, 4], [0, 3], [1, 3], [1, 1], [0, 5], [3, 2], [2, 6], [4, 0], [1, 4], [6, 1], [0, 2], [5, 3], [2, 3], [4, 1], [3, 5], [6, 2], [5, 4]]
Arun lost due to:  illegal move
End Game Iteration:  46
Begin Game Iteration:  47
[[2, 2], [3, 0], [4, 3], [1, 1], [3, 1], [3, 2], [1, 0], [5, 3], [0, 2], [6, 1], [2, 1], [4, 0], [1, 3], [5, 2], [2, 5], [6, 4], [4, 6], [4, 5], [5, 4], [3, 3], [3, 5], [1, 4], [2, 3], [2, 6], [4, 2], [0, 5], [5, 0], [2, 4], [6, 2], [1, 6], [4, 1], [0, 4], [2, 0], [1, 2], [0, 1], [0, 0]]
Arun lost due to:  illegal move
End Game Iteration:  47
Begin Game Iteration:  48
[[2, 2], [3, 0], [3, 4], [4, 2], [2, 6], [2, 1], [0, 5], [0, 2], [2, 4], [1, 4], [3, 2], [3, 3], [1, 1], [5, 4], [2, 3], [6, 2], [4, 4], [4, 3], [6, 3], [6, 4], [5, 5], [4, 5], [3, 6], [5, 3], [1, 5], [6, 5], [0, 3], [4, 6]]
Arun lost due to:  illegal move
End Game Iteration:  48
Begin Game Iteration:  49
[[2, 2], [3, 0], [3, 4], [4, 2], [2, 6], [2, 1], [0, 5], [3, 3], [1, 3], [2, 5], [3, 2], [4, 4], [5, 1], [3, 6], [4, 3], [2, 4], [3, 1], [1, 6], [1, 2], [3, 5], [2, 0], [5, 4], [0, 1], [6, 2]]
Arun lost due to:  illegal move
End Game Iteration:  49
Benchmark Win Count:  44
Arun Win Count:  6

Process finished with exit code 0
